267522	1001,1009
499936	1001,1009
1040560	1001,1009
1557109	1002,1020
267522	1002,1020
499936	1002,1020
1557109	1003,1026
587589	1003,1026
267522	1004,1014
1720829	1001,1030
598233	1000,1006
1040560	1000,1006
267522	1004,1013
267522	1001,1010
499936	1001,1010
1040560	1001,1010
1720829	1001,1028
587589	1004,1029
1557109	1002,1018
267522	1002,1018
499936	1002,1018
267522	1001,1019
499936	1001,1019
1040560	1001,1019
267522	1001,1021
499936	1001,1021
1040560	1001,1021
598233	1000,1011
1040560	1000,1011
1557109	1002,1017
267522	1002,1017
499936	1002,1017
1720829	1000,1025
267522	1003,1014
728109	1002,1003
1567985	1002,1003
1567985	1003,1001
598233	1000,1018
1040560	1000,1018
267522	1002,1010
499936	1002,1010
267522	1004,1011
1429373	1007,1014
1048456	1007,1014
111313	1007,1014
1945497	1007,1014
587589	1006,1027
111313	1006,1027
1945497	1006,1027
1048456	1008,1024
111313	1008,1024
587589	1005,1029
1048456	1008,1027
111313	1008,1027
1947212	1009,1020
1947212	1009,1010
1947212	1009,1016
111313	1006,1014
1945497	1006,1014
1105994	1009,1005
1945497	1007,1011
1048456	1008,1018
111313	1008,1018
1947212	1008,1018
563894	1014,1007
548209	1014,1007
608841	1014,1012
563894	1014,1012
548209	1014,1012
563894	1014,1009
548209	1014,1009
548209	1012,1003
548209	1015,1005
378487	1017,1001
378487	1016,1002
290027	1019,1024
1260920	1019,1024
628975	1017,1019
628975	1015,1016
290027	1020,1019
159806	1028,1017
159806	1027,1013
159806	1027,1018
159806	1029,1009
159806	1030,1013
159806	1030,1014
