0.5445385530064322,2.905750449671787	1.8728338239522972,2.5313791511579815
0.5977064015085558,2.5887136686542647	1.8728338239522972,2.5313791511579815
0.6813587331932491,2.824102745280821	1.8728338239522972,2.5313791511579815
0.7054777456989256,1.7778027801078384	1.8728338239522972,2.5313791511579815
0.7328924195692279,1.4249278430874184	1.8728338239522972,2.5313791511579815
0.7504573680523343,3.708338170522701	1.8728338239522972,2.5313791511579815
0.8271178758994557,3.0342183564231267	1.8728338239522972,2.5313791511579815
0.8403269115369865,2.893475247561478	1.8728338239522972,2.5313791511579815
0.8861949657761522,2.936492673860362	1.8728338239522972,2.5313791511579815
0.8868945128894752,2.242901068285181	1.8728338239522972,2.5313791511579815
0.9235697543813167,2.546126372693453	1.8728338239522972,2.5313791511579815
0.950770674166794,1.9079108887992366	1.8728338239522972,2.5313791511579815
0.9608718667082661,2.616740883257523	1.8728338239522972,2.5313791511579815
0.9790592286298497,2.938386449884101	1.8728338239522972,2.5313791511579815
0.982838053576652,2.4499409672535335	1.8728338239522972,2.5313791511579815
0.9881744076498479,2.627896428698128	1.8728338239522972,2.5313791511579815
0.9904668731147878,2.2058416187605765	1.8728338239522972,2.5313791511579815
1.0167750782505756,3.260603313910358	1.8728338239522972,2.5313791511579815
1.0233240451399421,2.156315251965703	1.8728338239522972,2.5313791511579815
1.0257872766312661,2.8021741070690602	1.8728338239522972,2.5313791511579815
1.0334255429393295,2.1728474404012226	1.8728338239522972,2.5313791511579815
1.058804434051141,2.0561350145333455	1.8728338239522972,2.5313791511579815
1.114117836557151,3.1031512497942986	1.8728338239522972,2.5313791511579815
1.12282596865129,2.8514620988874433	1.8728338239522972,2.5313791511579815
1.13402119113803,3.104660397667283	1.8728338239522972,2.5313791511579815
1.136384965232568,2.1559204686491658	1.8728338239522972,2.5313791511579815
1.1374124906306433,2.770667838828955	1.8728338239522972,2.5313791511579815
1.151808033164306,1.9698343757465508	1.8728338239522972,2.5313791511579815
1.154089970449705,2.0925422562513427	1.8728338239522972,2.5313791511579815
1.1564300714328541,1.5701725591130176	1.8728338239522972,2.5313791511579815
1.1638739073303,2.846222248063193	1.8728338239522972,2.5313791511579815
1.1649530478205414,2.627685034537762	1.8728338239522972,2.5313791511579815
1.1667364058928897,2.5179313959711664	1.8728338239522972,2.5313791511579815
1.1702167786271374,3.026954258239271	1.8728338239522972,2.5313791511579815
1.1760672606604592,1.9491170641042799	1.8728338239522972,2.5313791511579815
1.179909530933994,2.334617059757191	1.8728338239522972,2.5313791511579815
1.190934775614703,2.6775117885468807	1.8728338239522972,2.5313791511579815
1.1946009590164746,2.3182123096515124	1.8728338239522972,2.5313791511579815
1.204228214830763,1.8832412758573525	1.8728338239522972,2.5313791511579815
1.2047885289673772,1.867483590333994	1.8728338239522972,2.5313791511579815
1.212109845911237,3.12109929274096	1.8728338239522972,2.5313791511579815
1.2276563374762217,3.217869668818363	1.8728338239522972,2.5313791511579815
1.2414988225570835,1.8593438034476346	1.8728338239522972,2.5313791511579815
1.2591162123265924,2.9108212910474505	1.8728338239522972,2.5313791511579815
1.2769553646853378,2.5982984335842314	1.8728338239522972,2.5313791511579815
1.2871563127116032,3.2663740579352303	1.8728338239522972,2.5313791511579815
1.2872094910358265,3.379285960266862	1.8728338239522972,2.5313791511579815
1.289837407605566,2.626801561217257	1.8728338239522972,2.5313791511579815
1.2901242241188737,3.0394579124813217	1.8728338239522972,2.5313791511579815
1.2925703783056104,1.9225387900825388	1.8728338239522972,2.5313791511579815
1.3012118620570867,2.482327028421185	1.8728338239522972,2.5313791511579815
1.3079747260544416,2.099596005980203	1.8728338239522972,2.5313791511579815
1.3117804181633095,2.964052434009055	1.8728338239522972,2.5313791511579815
1.325729343355849,2.5425480580788475	1.8728338239522972,2.5313791511579815
1.356081568471735,2.96217576168653	1.8728338239522972,2.5313791511579815
1.3719690775159017,1.711570704153778	1.8728338239522972,2.5313791511579815
1.3776287553877595,1.760108559198386	1.8728338239522972,2.5313791511579815
1.398152678570884,1.6961822620956517	1.8728338239522972,2.5313791511579815
1.4021601972941957,1.6522142434344054	1.8728338239522972,2.5313791511579815
1.4093107943567569,2.4163191644376054	1.8728338239522972,2.5313791511579815
1.4145606118300331,2.5366955004044125	1.8728338239522972,2.5313791511579815
1.415641009909907,2.3654735288264295	1.8728338239522972,2.5313791511579815
1.418025155174939,3.114655561468422	1.8728338239522972,2.5313791511579815
1.4180517029111321,2.1830341296972393	1.8728338239522972,2.5313791511579815
1.4187032642407076,1.7829657893947681	1.8728338239522972,2.5313791511579815
1.4209806876761075,2.295525487867145	1.8728338239522972,2.5313791511579815
1.4246661826142626,1.5299851998666114	1.8728338239522972,2.5313791511579815
1.4552980856914572,2.7680204884404325	1.8728338239522972,2.5313791511579815
1.4608105476376982,3.859052767903005	1.8728338239522972,2.5313791511579815
1.4638270539537348,2.6446676220008274	1.8728338239522972,2.5313791511579815
1.4652053205388227,2.504267549359928	1.8728338239522972,2.5313791511579815
1.468515054532183,2.6446373439947917	1.8728338239522972,2.5313791511579815
1.486204967039669,2.212734156417409	1.8728338239522972,2.5313791511579815
1.4984428261253637,2.2090392296794112	1.8728338239522972,2.5313791511579815
1.5053734843887971,2.915841523401787	1.8728338239522972,2.5313791511579815
1.507086591735715,1.6502617244195201	1.8728338239522972,2.5313791511579815
1.5079664026387922,1.8914851043415264	1.8728338239522972,2.5313791511579815
1.5080278281272563,2.4217327705622123	1.8728338239522972,2.5313791511579815
1.5095791357942592,1.7507347332249739	1.8728338239522972,2.5313791511579815
1.5104601076774216,2.8431268781013292	1.8728338239522972,2.5313791511579815
1.522860594154041,2.6745908821399436	1.8728338239522972,2.5313791511579815
1.5242547975971337,2.8917204512359262	1.8728338239522972,2.5313791511579815
1.534592460072239,2.234051648159875	1.8728338239522972,2.5313791511579815
1.541446569453984,1.7474320659804778	1.8728338239522972,2.5313791511579815
1.5473721314986906,2.927685378464887	1.8728338239522972,2.5313791511579815
1.5556216441211481,2.960896328246333	1.8728338239522972,2.5313791511579815
1.5558793251727872,2.0520728932025367	1.8728338239522972,2.5313791511579815
1.5595944283934087,2.7012260070261878	1.8728338239522972,2.5313791511579815
1.5633920387426912,1.8170080819913548	1.8728338239522972,2.5313791511579815
1.570221825376612,2.8479095797059113	1.8728338239522972,2.5313791511579815
1.5702914600877267,2.3571010542366055	1.8728338239522972,2.5313791511579815
1.5758788020882202,2.5157766909953385	1.8728338239522972,2.5313791511579815
1.5926396715366946,3.089485817792548	1.8728338239522972,2.5313791511579815
1.6078020927414887,2.220133234423796	1.8728338239522972,2.5313791511579815
1.6112414214203854,1.7412674385789333	1.8728338239522972,2.5313791511579815
1.612597973022608,2.0442961446274657	1.8728338239522972,2.5313791511579815
1.6225023477631475,3.075250445465972	1.8728338239522972,2.5313791511579815
1.6240580774290099,3.0244932513625935	1.8728338239522972,2.5313791511579815
1.6391176742185283,3.4204220951518334	1.8728338239522972,2.5313791511579815
1.6452180923157198,3.1353673541243325	1.8728338239522972,2.5313791511579815
1.649400065534793,2.1875292928633785	1.8728338239522972,2.5313791511579815
1.6521494419582659,2.0001197041383914	1.8728338239522972,2.5313791511579815
1.6560990937498823,2.476679869569209	1.8728338239522972,2.5313791511579815
1.6595180218854135,3.0142679273384467	1.8728338239522972,2.5313791511579815
1.6617770170535335,2.105690012533893	1.8728338239522972,2.5313791511579815
1.6712225716391613,2.9700525778334677	1.8728338239522972,2.5313791511579815
1.6718472844251293,3.0973574589042783	1.8728338239522972,2.5313791511579815
1.6728671582961545,2.056603771768496	1.8728338239522972,2.5313791511579815
1.6750109902200834,2.4519740544815685	1.8728338239522972,2.5313791511579815
1.6789223554397577,2.0414958179581717	1.8728338239522972,2.5313791511579815
1.6808671050224764,1.5998986680799634	1.8728338239522972,2.5313791511579815
1.686006170775756,2.5496447022308204	1.8728338239522972,2.5313791511579815
1.688538801916434,2.4841303349940387	1.8728338239522972,2.5313791511579815
1.6898803538803202,1.592257702182866	1.8728338239522972,2.5313791511579815
1.703296911662217,2.491775881952736	1.8728338239522972,2.5313791511579815
1.7129656817255656,2.2644900577809475	1.8728338239522972,2.5313791511579815
1.713639214729986,2.5234268512602287	1.8728338239522972,2.5313791511579815
1.7141904981342586,1.8526040436241715	1.8728338239522972,2.5313791511579815
1.7181130479161304,3.4511163115199155	1.8728338239522972,2.5313791511579815
1.7243171920394693,2.8370952410653705	1.8728338239522972,2.5313791511579815
1.725802234243099,3.0505026493409946	1.8728338239522972,2.5313791511579815
1.7277087205553319,2.6826168354420625	1.8728338239522972,2.5313791511579815
1.7287137482152202,3.9896083632350963	1.8728338239522972,2.5313791511579815
1.739805449074014,2.101212731476677	1.8728338239522972,2.5313791511579815
1.743276073690567,1.59214150126402	1.8728338239522972,2.5313791511579815
1.744989587039425,3.50581942471995	1.8728338239522972,2.5313791511579815
1.7530387380095,2.168740222752829	1.8728338239522972,2.5313791511579815
1.754567275115077,2.5032925594955966	1.8728338239522972,2.5313791511579815
1.758798870655597,3.3292495195901197	1.8728338239522972,2.5313791511579815
1.7655991187134612,2.536793694559289	1.8728338239522972,2.5313791511579815
1.7657487519256254,1.4768757525736962	1.8728338239522972,2.5313791511579815
1.769152411861933,2.710997790349503	1.8728338239522972,2.5313791511579815
1.777115053997623,2.5738503047916943	1.8728338239522972,2.5313791511579815
1.7787003585708046,3.2334477294786996	1.8728338239522972,2.5313791511579815
1.7906324862125,1.906014601768153	1.8728338239522972,2.5313791511579815
1.7927807392322386,2.0684764617217675	1.8728338239522972,2.5313791511579815
1.7935407960209613,2.959453282423232	1.8728338239522972,2.5313791511579815
1.7936982555502001,2.966232999382784	1.8728338239522972,2.5313791511579815
1.7998742010966327,2.5987700413281365	1.8728338239522972,2.5313791511579815
1.8002985470513455,2.2241909316700603	1.8728338239522972,2.5313791511579815
1.8003519153064171,2.8547806379159466	1.8728338239522972,2.5313791511579815
1.80591396912352,2.1739144484287656	1.8728338239522972,2.5313791511579815
1.8082433029554261,2.6153238457310684	1.8728338239522972,2.5313791511579815
1.8123278086954802,2.568613536402033	1.8728338239522972,2.5313791511579815
1.813123942949137,2.6184782508829945	1.8728338239522972,2.5313791511579815
1.8283493964970872,3.1478547039029072	1.8728338239522972,2.5313791511579815
1.8332892899347268,1.8977723017645887	1.8728338239522972,2.5313791511579815
1.8347395500002723,2.461101130727934	1.8728338239522972,2.5313791511579815
1.8379428063930032,1.9032350689393969	1.8728338239522972,2.5313791511579815
1.8400642017227908,3.1784915372226776	1.8728338239522972,2.5313791511579815
1.8419950852931106,1.9705656253718251	1.8728338239522972,2.5313791511579815
1.8454535198264093,2.313158774203115	1.8728338239522972,2.5313791511579815
1.8504283358566453,2.635674234900378	1.8728338239522972,2.5313791511579815
1.8531639693098072,2.024047478221645	1.8728338239522972,2.5313791511579815
1.854563526114363,2.2464209066544814	1.8728338239522972,2.5313791511579815
1.8564927259355917,3.1222942874276245	1.8728338239522972,2.5313791511579815
1.8597246084372263,2.5169277353068154	1.8728338239522972,2.5313791511579815
1.8616398671244396,2.9286154824063155	1.8728338239522972,2.5313791511579815
1.8641284415192285,2.9699143430598074	1.8728338239522972,2.5313791511579815
1.8655543215224346,2.322533519638328	1.8728338239522972,2.5313791511579815
1.865864288771465,1.9714012657540994	1.8728338239522972,2.5313791511579815
1.868372236393337,3.3265184061421786	1.8728338239522972,2.5313791511579815
1.8686188362475789,2.6906716937233406	1.8728338239522972,2.5313791511579815
1.8727401318572636,1.7703013232471867	1.8728338239522972,2.5313791511579815
1.8784485779123348,3.1224983908744726	1.8728338239522972,2.5313791511579815
1.881610151285766,2.2905545446841713	1.8728338239522972,2.5313791511579815
1.88412500198637,2.420250681975046	1.8728338239522972,2.5313791511579815
1.8845501872718369,2.7000729220377937	1.8728338239522972,2.5313791511579815
1.8955650813681495,3.4880788825542033	1.8728338239522972,2.5313791511579815
1.895754977595791,3.032465086399921	1.8728338239522972,2.5313791511579815
1.896298436010634,2.2428808205036312	1.8728338239522972,2.5313791511579815
1.896628600741259,2.385947325601116	1.8728338239522972,2.5313791511579815
1.8993395095014334,2.259529009585017	1.8728338239522972,2.5313791511579815
1.902110810428164,2.996146011879795	1.8728338239522972,2.5313791511579815
1.9031888632203529,1.96252266937661	1.8728338239522972,2.5313791511579815
1.906395830589854,3.027696393388931	1.8728338239522972,2.5313791511579815
1.909814176481704,2.755890061981752	1.8728338239522972,2.5313791511579815
1.9180869809917709,2.230129270704209	1.8728338239522972,2.5313791511579815
1.9185938888820226,1.8750473847436848	1.8728338239522972,2.5313791511579815
1.9191453870503983,1.762972713410088	1.8728338239522972,2.5313791511579815
1.9216157793686222,2.180805063455559	1.8728338239522972,2.5313791511579815
1.929484044238813,2.437055126443014	1.8728338239522972,2.5313791511579815
1.9297930310180318,2.0456813014804665	1.8728338239522972,2.5313791511579815
1.9299667848939903,3.1603569390909056	1.8728338239522972,2.5313791511579815
1.9351460990932543,2.471569322003881	1.8728338239522972,2.5313791511579815
1.9376426045433395,1.8741390123237436	1.8728338239522972,2.5313791511579815
1.9415562738864363,1.8678405367209936	1.8728338239522972,2.5313791511579815
1.9466816030285303,3.3702816120450914	1.8728338239522972,2.5313791511579815
1.9555414774750342,2.4561933029668674	1.8728338239522972,2.5313791511579815
1.9588261427775087,3.610762195224688	1.8728338239522972,2.5313791511579815
1.9595254714912862,2.3879852749425026	1.8728338239522972,2.5313791511579815
1.963865558496682,2.01091094956401	1.8728338239522972,2.5313791511579815
1.9643464553697711,2.5425461795968336	1.8728338239522972,2.5313791511579815
1.9656451920064786,0.9412733490574261	1.8728338239522972,2.5313791511579815
1.965943979960482,2.688060226198358	1.8728338239522972,2.5313791511579815
1.9668427422858974,2.57084346460815	1.8728338239522972,2.5313791511579815
1.967111690972974,1.8117545662109518	1.8728338239522972,2.5313791511579815
1.9786710112162886,2.475359326947663	1.8728338239522972,2.5313791511579815
1.980780061110299,2.4176179195967427	1.8728338239522972,2.5313791511579815
1.989994544000595,2.306772197266488	1.8728338239522972,2.5313791511579815
1.9900817577441137,2.746073621522919	1.8728338239522972,2.5313791511579815
1.9944911794471851,1.3730485123394582	1.8728338239522972,2.5313791511579815
1.9981439828822831,1.8160113900897425	1.8728338239522972,2.5313791511579815
2.0046438725664335,3.665383063411345	1.8728338239522972,2.5313791511579815
2.0078980704876335,2.2928340381753083	1.8728338239522972,2.5313791511579815
2.012350695842916,2.1610954612657203	1.8728338239522972,2.5313791511579815
2.020306037042756,3.344499292499437	1.8728338239522972,2.5313791511579815
2.023285031793389,2.991203953727372	1.8728338239522972,2.5313791511579815
2.027601889382985,3.079228725534883	1.8728338239522972,2.5313791511579815
2.0326700952258197,2.781537493512169	1.8728338239522972,2.5313791511579815
2.038608928830085,2.4340609324096483	1.8728338239522972,2.5313791511579815
2.0397799602285556,2.2530367446627046	1.8728338239522972,2.5313791511579815
2.0577954294851852,2.6719300931471692	1.8728338239522972,2.5313791511579815
2.065725282091976,3.9010239047819617	1.8728338239522972,2.5313791511579815
2.066542936404763,2.724667549903052	1.8728338239522972,2.5313791511579815
2.066586735986213,2.065256627131759	1.8728338239522972,2.5313791511579815
2.066742165031131,2.7491791524044333	1.8728338239522972,2.5313791511579815
2.0669741322819863,2.864198629632658	1.8728338239522972,2.5313791511579815
2.067857207693762,2.560808014082976	1.8728338239522972,2.5313791511579815
2.08357331816855,2.825951810009864	1.8728338239522972,2.5313791511579815
2.0845879761758566,2.7576932089428405	1.8728338239522972,2.5313791511579815
2.090282547351074,1.7539717590624884	1.8728338239522972,2.5313791511579815
2.1006358293034144,2.8965952648202324	1.8728338239522972,2.5313791511579815
2.1063846722950483,2.402071621277038	1.8728338239522972,2.5313791511579815
2.118290275608853,2.833019877179971	1.8728338239522972,2.5313791511579815
2.1185501357785435,2.7154647498240267	1.8728338239522972,2.5313791511579815
2.1206021633664696,1.812702283282687	1.8728338239522972,2.5313791511579815
2.1282278288864003,1.3091380645705473	1.8728338239522972,2.5313791511579815
2.137188877399108,2.973322832876003	1.8728338239522972,2.5313791511579815
2.1431835947561706,3.421385021681758	1.8728338239522972,2.5313791511579815
2.14966198856034,3.046207258444216	1.8728338239522972,2.5313791511579815
2.149979838641346,2.719082393596954	1.8728338239522972,2.5313791511579815
2.1507233358420317,3.269362754878836	1.8728338239522972,2.5313791511579815
2.1550426481468516,2.894985709887488	1.8728338239522972,2.5313791511579815
2.161536564851406,2.119728769658506	1.8728338239522972,2.5313791511579815
2.1660118334013023,3.665074746719155	1.8728338239522972,2.5313791511579815
2.172037440580659,2.1959367916889247	1.8728338239522972,2.5313791511579815
2.1734970246426184,2.895204263226548	1.8728338239522972,2.5313791511579815
2.1809576130367105,2.176766810798528	1.8728338239522972,2.5313791511579815
2.184439088652048,3.694756774556414	1.8728338239522972,2.5313791511579815
2.184932186970406,3.022855119653635	1.8728338239522972,2.5313791511579815
2.1900995100453873,1.741402279977734	1.8728338239522972,2.5313791511579815
2.1902978811919884,1.64067730390442	1.8728338239522972,2.5313791511579815
2.192055840717953,1.926905731633511	1.8728338239522972,2.5313791511579815
2.192723105707804,3.1309209250606376	1.8728338239522972,2.5313791511579815
2.1958835673257857,1.8109332287736186	1.8728338239522972,2.5313791511579815
2.1994505318671522,3.1577808014904702	1.8728338239522972,2.5313791511579815
2.2090622852274517,3.5490893453034897	1.8728338239522972,2.5313791511579815
2.2164798798619834,1.85539234081303	1.8728338239522972,2.5313791511579815
2.2173801678364526,2.8718911102635998	1.8728338239522972,2.5313791511579815
2.224187720399754,2.6099745402797043	1.8728338239522972,2.5313791511579815
2.224796423191491,2.9095008733899443	1.8728338239522972,2.5313791511579815
2.226200847039559,2.8371517130114543	1.8728338239522972,2.5313791511579815
2.226263996512234,2.40759401981425	1.8728338239522972,2.5313791511579815
2.229073871187758,1.261138983795448	1.8728338239522972,2.5313791511579815
2.2322167479334443,3.026485660107588	1.8728338239522972,2.5313791511579815
2.2352202591962604,1.709718202328669	1.8728338239522972,2.5313791511579815
2.247307080935219,2.4595959297813765	1.8728338239522972,2.5313791511579815
2.2493280541082883,2.479571244380914	1.8728338239522972,2.5313791511579815
2.2516664661459656,3.40678657268799	1.8728338239522972,2.5313791511579815
2.2556759829611854,2.669929948240714	1.8728338239522972,2.5313791511579815
2.2674050394097103,2.5661993293000083	1.8728338239522972,2.5313791511579815
2.268324490878641,2.458824121068942	1.8728338239522972,2.5313791511579815
2.281966077174783,2.066923116075068	1.8728338239522972,2.5313791511579815
2.2890016605605656,2.4395279194600294	1.8728338239522972,2.5313791511579815
2.2902226344265375,2.160300960821843	1.8728338239522972,2.5313791511579815
2.2988339803353064,2.541571182748239	1.8728338239522972,2.5313791511579815
2.306147609072098,2.9490442905692573	1.8728338239522972,2.5313791511579815
2.3100465327270028,2.8946567091674855	1.8728338239522972,2.5313791511579815
2.3360809676950804,2.7859833715532467	1.8728338239522972,2.5313791511579815
2.337459477023206,1.92855154543467	1.8728338239522972,2.5313791511579815
2.3374684422884826,2.4912948128636088	1.8728338239522972,2.5313791511579815
2.339275095927351,1.6049779813898977	1.8728338239522972,2.5313791511579815
2.341258461636188,2.4130583261920497	1.8728338239522972,2.5313791511579815
2.343844162422573,2.1316514654423093	1.8728338239522972,2.5313791511579815
2.3720017480344797,2.4848188612990207	1.8728338239522972,2.5313791511579815
2.3785680868058403,1.8056121203790956	1.8728338239522972,2.5313791511579815
2.3821231751298475,2.015976058984331	1.8728338239522972,2.5313791511579815
2.3907427217999775,2.983064331372619	1.8728338239522972,2.5313791511579815
2.3913101228624782,2.1344341095092476	1.8728338239522972,2.5313791511579815
2.392452365483365,2.6024475779881295	1.8728338239522972,2.5313791511579815
2.4033520219638462,2.7289846561882616	1.8728338239522972,2.5313791511579815
2.4113282511906933,2.404576391918023	1.8728338239522972,2.5313791511579815
2.418353172226306,2.362525418042389	1.8728338239522972,2.5313791511579815
2.4231500851379275,1.8772371968075623	1.8728338239522972,2.5313791511579815
2.4320913970754416,2.5249645734219714	1.8728338239522972,2.5313791511579815
2.4386423209647177,2.9508561392733093	1.8728338239522972,2.5313791511579815
2.443023948313772,2.8472864848615957	1.8728338239522972,2.5313791511579815
2.4475937012224933,3.0040382975273863	1.8728338239522972,2.5313791511579815
2.4519919961568237,2.2071502900760436	1.8728338239522972,2.5313791511579815
2.452466876662116,2.9575056058204616	1.8728338239522972,2.5313791511579815
2.4538981314822363,3.246158969211388	1.8728338239522972,2.5313791511579815
2.459732802873727,2.2552520265524683	1.8728338239522972,2.5313791511579815
2.472484646109336,2.845364255653209	1.8728338239522972,2.5313791511579815
2.476127294192256,2.5620520582683306	1.8728338239522972,2.5313791511579815
2.491279808302742,3.669318211112805	1.8728338239522972,2.5313791511579815
2.498159587856816,2.041182956532377	1.8728338239522972,2.5313791511579815
2.5059012335052606,3.051173401959159	1.8728338239522972,2.5313791511579815
2.5083847689525784,2.5704636766588105	1.8728338239522972,2.5313791511579815
2.510771994028781,2.0359502572384183	1.8728338239522972,2.5313791511579815
2.5173441695584122,2.8899195734242724	1.8728338239522972,2.5313791511579815
2.5191501070510847,2.5720742823552656	1.8728338239522972,2.5313791511579815
2.5212451168298,3.3147589227525986	1.8728338239522972,2.5313791511579815
2.533308547686926,3.207716111190659	1.8728338239522972,2.5313791511579815
2.5353546581798723,2.5727389752469887	1.8728338239522972,2.5313791511579815
2.535757862441078,2.570067221783408	1.8728338239522972,2.5313791511579815
2.5426771112531092,2.6515391627032865	1.8728338239522972,2.5313791511579815
2.5571342329076843,2.4377341758580853	1.8728338239522972,2.5313791511579815
2.5683680492106666,2.8130037104396	1.8728338239522972,2.5313791511579815
2.577927928760534,2.662856978981213	1.8728338239522972,2.5313791511579815
2.5846679367718974,3.0253205217962926	1.8728338239522972,2.5313791511579815
2.5858484361270757,1.985881257113231	1.8728338239522972,2.5313791511579815
2.589100821007907,2.441876540264347	1.8728338239522972,2.5313791511579815
2.5941038072519813,2.6467489024498154	1.8728338239522972,2.5313791511579815
2.6027165639923497,2.37576367196886	1.8728338239522972,2.5313791511579815
2.6112264100721325,2.6827947914619528	1.8728338239522972,2.5313791511579815
2.6238169326437486,2.5267695638011873	1.8728338239522972,2.5313791511579815
2.6247817964968077,3.1755823870675526	1.8728338239522972,2.5313791511579815
2.6347142331308766,2.013560202476464	1.8728338239522972,2.5313791511579815
2.648613425436069,2.663827221588324	1.8728338239522972,2.5313791511579815
2.658035129962308,3.0185171342254655	1.8728338239522972,2.5313791511579815
2.6634877010573508,3.003841788376647	1.8728338239522972,2.5313791511579815
2.664233669925996,2.4045604330748165	1.8728338239522972,2.5313791511579815
2.666709524336457,1.42668615005908	1.8728338239522972,2.5313791511579815
2.6763581545230597,2.8716339821357777	1.8728338239522972,2.5313791511579815
2.8592640808683463,2.941766040771069	1.8728338239522972,2.5313791511579815
2.8913472096310078,2.9176864538536407	1.8728338239522972,2.5313791511579815
2.894326797740856,3.4190421038930774	1.8728338239522972,2.5313791511579815
2.9253437859207057,8.899172608732322	4.74959048420434,9.20958809825999
2.973237379398637,1.810455336719559	1.8728338239522972,2.5313791511579815
2.993145140847978,2.4805840579531138	1.8728338239522972,2.5313791511579815
2.9939568898378495,2.9414389082738945	1.8728338239522972,2.5313791511579815
3.003038800164589,2.729184007476489	1.8728338239522972,2.5313791511579815
3.033408378195924,2.1223734888119465	1.8728338239522972,2.5313791511579815
3.484371508695067,3.010841336815115	1.8728338239522972,2.5313791511579815
3.525659181424727,10.428925654601182	4.74959048420434,9.20958809825999
3.5387568093492083,8.926843822685905	4.74959048420434,9.20958809825999
3.574972207175877,9.0588190185113	4.74959048420434,9.20958809825999
3.5912804114582144,8.89272714539078	4.74959048420434,9.20958809825999
3.6655125551716097,10.122610478247996	4.74959048420434,9.20958809825999
3.701456567891422,8.793194181132389	4.74959048420434,9.20958809825999
3.7507868848226007,9.765405993589749	4.74959048420434,9.20958809825999
3.8009114707362595,9.753766447803828	4.74959048420434,9.20958809825999
3.8016203718852646,9.030516292532033	4.74959048420434,9.20958809825999
3.8053037783418726,8.846366232070913	4.74959048420434,9.20958809825999
3.811675078854286,9.364925269200723	4.74959048420434,9.20958809825999
3.8739687368549522,9.82696206510488	4.74959048420434,9.20958809825999
3.887331835392226,9.322035304781716	4.74959048420434,9.20958809825999
3.918116364092416,9.727653782513908	4.74959048420434,9.20958809825999
3.936185197184633,9.165307842910945	4.74959048420434,9.20958809825999
3.95640263943968,9.610576716128389	4.74959048420434,9.20958809825999
3.9842211720030742,8.4717953599326	4.74959048420434,9.20958809825999
3.990969883897943,9.814018138486247	4.74959048420434,9.20958809825999
4.018675026240244,9.026998382391143	4.74959048420434,9.20958809825999
4.026863947946069,9.366245734380874	4.74959048420434,9.20958809825999
4.028506177611041,9.29727601787962	4.74959048420434,9.20958809825999
4.04635374230618,8.506126452405795	4.74959048420434,9.20958809825999
4.054491192295334,8.754199721077537	4.74959048420434,9.20958809825999
4.068163761494426,9.745870753559805	4.74959048420434,9.20958809825999
4.078634832669386,9.320819738505005	4.74959048420434,9.20958809825999
4.086141824496982,9.178553080562978	4.74959048420434,9.20958809825999
4.09595451547574,9.2403811710825	4.74959048420434,9.20958809825999
4.114442939306765,8.979907419859677	4.74959048420434,9.20958809825999
4.118122210877893,9.316458471734336	4.74959048420434,9.20958809825999
4.1255164577080246,9.315069487170259	4.74959048420434,9.20958809825999
4.146659626916721,8.676073455040193	4.74959048420434,9.20958809825999
4.156582608633451,9.888139337378796	4.74959048420434,9.20958809825999
4.16240720628139,9.361767407332154	4.74959048420434,9.20958809825999
4.1740029495083615,10.267265768141225	4.74959048420434,9.20958809825999
4.175930972983969,9.600559411622681	4.74959048420434,9.20958809825999
4.176331559690206,9.449005548684784	4.74959048420434,9.20958809825999
4.182185199833767,8.92314081812224	4.74959048420434,9.20958809825999
4.1900245016018,9.438996185156315	4.74959048420434,9.20958809825999
4.197113373595091,8.708986702584195	4.74959048420434,9.20958809825999
4.204927370280256,9.484447269834924	4.74959048420434,9.20958809825999
4.207909568518259,9.096365692796951	4.74959048420434,9.20958809825999
4.217329215128784,9.309115119026044	4.74959048420434,9.20958809825999
4.223687863682326,8.680380439171108	4.74959048420434,9.20958809825999
4.231988680569821,9.207288279546288	4.74959048420434,9.20958809825999
4.232875404887019,9.264406817204376	4.74959048420434,9.20958809825999
4.235753617096117,8.911033483052272	4.74959048420434,9.20958809825999
4.237732237532111,8.503922808183908	4.74959048420434,9.20958809825999
4.238110201142309,9.044789348714474	4.74959048420434,9.20958809825999
4.239694472992737,8.994053911627331	4.74959048420434,9.20958809825999
4.265643183746828,10.889736263119282	4.74959048420434,9.20958809825999
4.269637588149923,9.436276082550581	4.74959048420434,9.20958809825999
4.275088746852123,9.931633149890843	4.74959048420434,9.20958809825999
4.276328540642676,9.282276874858015	4.74959048420434,9.20958809825999
4.277094215859714,9.133182265368587	4.74959048420434,9.20958809825999
4.277096823127433,9.36907825285038	4.74959048420434,9.20958809825999
4.27876477895201,8.737454586124612	4.74959048420434,9.20958809825999
4.28682500166804,8.868474604015203	4.74959048420434,9.20958809825999
4.290648871603171,9.23389579762789	4.74959048420434,9.20958809825999
4.29533822344977,10.269625623907602	4.74959048420434,9.20958809825999
4.296318362101002,9.00823588866624	4.74959048420434,9.20958809825999
4.297079312617267,9.723017450581436	4.74959048420434,9.20958809825999
4.312113824926774,8.733972743845571	4.74959048420434,9.20958809825999
4.316807394612908,9.010857901191876	4.74959048420434,9.20958809825999
4.316900412231608,9.138245786330321	4.74959048420434,9.20958809825999
4.322776736890774,9.201515985622148	4.74959048420434,9.20958809825999
4.325000432649507,8.994120912124144	4.74959048420434,9.20958809825999
4.3281855248597125,8.528100789919094	4.74959048420434,9.20958809825999
4.339794944498075,8.95829307500325	4.74959048420434,9.20958809825999
4.343229404931142,9.513228594515674	4.74959048420434,9.20958809825999
4.349491246199818,8.825356177788901	4.74959048420434,9.20958809825999
4.3585728264602555,8.923664135503216	4.74959048420434,9.20958809825999
4.358950780858147,8.941429654583718	4.74959048420434,9.20958809825999
4.3601734858817505,10.193104452765764	4.74959048420434,9.20958809825999
4.3731551370305235,9.736061461948925	4.74959048420434,9.20958809825999
4.3744938767322585,9.893839698911007	4.74959048420434,9.20958809825999
4.391421873013691,8.51225369723802	4.74959048420434,9.20958809825999
4.392990930697417,8.716605310907536	4.74959048420434,9.20958809825999
4.3968349580516595,8.046368895522955	4.74959048420434,9.20958809825999
4.399514362768264,9.54690191722772	4.74959048420434,9.20958809825999
4.410837846129575,10.347882104758838	4.74959048420434,9.20958809825999
4.411130718827857,9.032629285140366	4.74959048420434,9.20958809825999
4.425974262386547,9.09236316171941	4.74959048420434,9.20958809825999
4.427559569338897,8.171360898210033	4.74959048420434,9.20958809825999
4.431984929175785,8.630728377668175	4.74959048420434,9.20958809825999
4.432123294896074,8.62577467910872	4.74959048420434,9.20958809825999
4.452515357636981,9.244281468148605	4.74959048420434,9.20958809825999
4.4557571136974845,8.755578598816474	4.74959048420434,9.20958809825999
4.45579222925609,9.49163566252945	4.74959048420434,9.20958809825999
4.458008722326177,9.996704224536346	4.74959048420434,9.20958809825999
4.464434208676685,8.790405469231056	4.74959048420434,9.20958809825999
4.46468356300388,8.872420905512564	4.74959048420434,9.20958809825999
4.466679605644485,8.827981243576449	4.74959048420434,9.20958809825999
4.472808405933073,8.349992872470837	4.74959048420434,9.20958809825999
4.4737042279678905,9.7770882298896	4.74959048420434,9.20958809825999
4.474761923174449,9.44461428648609	4.74959048420434,9.20958809825999
4.482459392871234,8.79758131812897	4.74959048420434,9.20958809825999
4.488421200401038,8.50301587457813	4.74959048420434,9.20958809825999
4.498393988852121,8.601344539655608	4.74959048420434,9.20958809825999
4.501143653053005,9.84205929434984	4.74959048420434,9.20958809825999
4.5038414251523315,8.56747076592842	4.74959048420434,9.20958809825999
4.503989907564106,9.210081335332317	4.74959048420434,9.20958809825999
4.5057382224893505,8.965755425070903	4.74959048420434,9.20958809825999
4.505962431785749,9.812999761121038	4.74959048420434,9.20958809825999
4.517815090043884,9.450395015942936	4.74959048420434,9.20958809825999
4.521376287881919,8.780479738181818	4.74959048420434,9.20958809825999
4.521567578699617,9.542515261508774	4.74959048420434,9.20958809825999
4.532278995835542,8.58689603982183	4.74959048420434,9.20958809825999
4.532459179384555,9.240018223326596	4.74959048420434,9.20958809825999
4.53415185102318,9.009910882720686	4.74959048420434,9.20958809825999
4.536573934448661,9.846390068640625	4.74959048420434,9.20958809825999
4.536870774043803,9.224780408302305	4.74959048420434,9.20958809825999
4.539511961776084,9.293077528767187	4.74959048420434,9.20958809825999
4.540234707550282,9.40909198004962	4.74959048420434,9.20958809825999
4.541364699720184,9.913988643370963	4.74959048420434,9.20958809825999
4.5414307207595215,9.52077678990926	4.74959048420434,9.20958809825999
4.544443136335104,9.145500619234678	4.74959048420434,9.20958809825999
4.5450047417751795,7.955685886821008	4.74959048420434,9.20958809825999
4.555009159375196,9.391966164774825	4.74959048420434,9.20958809825999
4.5551854146382125,8.956970482535073	4.74959048420434,9.20958809825999
4.5571732202048745,9.776764859227153	4.74959048420434,9.20958809825999
4.5594185010356325,9.115812598938675	4.74959048420434,9.20958809825999
4.559776652651294,8.436088520624425	4.74959048420434,9.20958809825999
4.560230048166722,8.319174044882093	4.74959048420434,9.20958809825999
4.565037459370994,8.8897266944242	4.74959048420434,9.20958809825999
4.57668737110969,8.668958739357079	4.74959048420434,9.20958809825999
4.581351192881484,9.438115882419625	4.74959048420434,9.20958809825999
4.58147584003065,9.19212927087266	4.74959048420434,9.20958809825999
4.58440604339544,9.443769080951368	4.74959048420434,9.20958809825999
4.5873470647272265,10.252189703677633	4.74959048420434,9.20958809825999
4.587397291141757,9.127477161032141	4.74959048420434,9.20958809825999
4.588878283592055,9.360602849220921	4.74959048420434,9.20958809825999
4.599661352360471,8.772289833419727	4.74959048420434,9.20958809825999
4.599736312341392,9.91131269633324	4.74959048420434,9.20958809825999
4.600591278291542,9.412992936331491	4.74959048420434,9.20958809825999
4.610282304219487,10.55502436614441	4.74959048420434,9.20958809825999
4.622852943887521,9.606199646875854	4.74959048420434,9.20958809825999
4.625064970746927,9.286556263368368	4.74959048420434,9.20958809825999
4.627215540170249,8.387698950494533	4.74959048420434,9.20958809825999
4.629820538940433,8.695416538247462	4.74959048420434,9.20958809825999
4.632564536754746,9.276900285654598	4.74959048420434,9.20958809825999
4.641747059141612,9.00135212571555	4.74959048420434,9.20958809825999
4.643750509717672,9.351922863541953	4.74959048420434,9.20958809825999
4.645807993130776,9.343348526883824	4.74959048420434,9.20958809825999
4.646572368645106,8.65140210272656	4.74959048420434,9.20958809825999
4.649961430785287,9.771889825057794	4.74959048420434,9.20958809825999
4.6574137738041355,9.352537207348211	4.74959048420434,9.20958809825999
4.65774597995758,9.270205625806524	4.74959048420434,9.20958809825999
4.662360435022645,9.020615444520633	4.74959048420434,9.20958809825999
4.66331971630927,8.992807305015033	4.74959048420434,9.20958809825999
4.666897394637041,9.219675198128645	4.74959048420434,9.20958809825999
4.668993867913363,9.375459123472945	4.74959048420434,9.20958809825999
4.670093734658819,8.882002371562491	4.74959048420434,9.20958809825999
4.680144579585686,9.078425429684321	4.74959048420434,9.20958809825999
4.68482116726723,9.024863570983403	4.74959048420434,9.20958809825999
4.690919413657877,8.608487560319206	4.74959048420434,9.20958809825999
4.695070687994264,9.575471251974939	4.74959048420434,9.20958809825999
4.695678052650443,8.925308542809285	4.74959048420434,9.20958809825999
4.697530842634111,8.964527379997618	4.74959048420434,9.20958809825999
4.698763062685835,9.657356304592069	4.74959048420434,9.20958809825999
4.702528163035231,9.646683765983104	4.74959048420434,9.20958809825999
4.703453005110539,9.309815773338173	4.74959048420434,9.20958809825999
4.704430661785356,9.616618825118708	4.74959048420434,9.20958809825999
4.7102410341507746,9.768058517557556	4.74959048420434,9.20958809825999
4.713747153722595,8.832295278287823	4.74959048420434,9.20958809825999
4.72552209627784,9.453799499256041	4.74959048420434,9.20958809825999
4.725629735973911,8.384356943733039	4.74959048420434,9.20958809825999
4.733275684763288,9.835083406757319	4.74959048420434,9.20958809825999
4.73361468652844,8.966400302324947	4.74959048420434,9.20958809825999
4.741769157194505,9.095139988850248	4.74959048420434,9.20958809825999
4.762124881820536,8.678376800860981	4.74959048420434,9.20958809825999
4.7669056646543115,10.121276736371177	4.74959048420434,9.20958809825999
4.7704773101743445,8.993776758344055	4.74959048420434,9.20958809825999
4.7740239538979035,9.231828116030986	4.74959048420434,9.20958809825999
4.775527063377092,8.988331024857212	4.74959048420434,9.20958809825999
4.778705408050758,9.460149144729225	4.74959048420434,9.20958809825999
4.7876778126082,8.58764403524593	4.74959048420434,9.20958809825999
4.79756646219449,10.544816150961525	4.74959048420434,9.20958809825999
4.800014353117439,10.073963861618585	4.74959048420434,9.20958809825999
4.816161197930992,9.62200847219368	4.74959048420434,9.20958809825999
4.8224244414362385,9.115554222256524	4.74959048420434,9.20958809825999
4.827808570593998,8.304011235674341	4.74959048420434,9.20958809825999
4.829126281820776,9.957505288220611	4.74959048420434,9.20958809825999
4.831423325678892,9.845654563627306	4.74959048420434,9.20958809825999
4.842740594458201,8.89035257920127	4.74959048420434,9.20958809825999
4.844387688632094,8.840683808497433	4.74959048420434,9.20958809825999
4.8463391693310705,8.955856235422521	4.74959048420434,9.20958809825999
4.848277793634157,9.138467068936619	4.74959048420434,9.20958809825999
4.850297967631445,10.056214910901899	4.74959048420434,9.20958809825999
4.852609418322805,8.571356751947981	4.74959048420434,9.20958809825999
4.86025531030787,9.239343420031771	4.74959048420434,9.20958809825999
4.860992641736608,10.328145888720803	4.74959048420434,9.20958809825999
4.8625457469525495,9.0371073764258	4.74959048420434,9.20958809825999
4.868320065925471,9.257891357332417	4.74959048420434,9.20958809825999
4.8715005382972425,9.21189772278625	4.74959048420434,9.20958809825999
4.8726519659216665,9.579521645280526	4.74959048420434,9.20958809825999
4.873904887086792,9.51443084423979	4.74959048420434,9.20958809825999
4.877167281332117,8.721531508377305	4.74959048420434,9.20958809825999
4.879397215792781,8.636532223625858	4.74959048420434,9.20958809825999
4.8809347190620604,9.967850507968956	4.74959048420434,9.20958809825999
4.882089989224676,8.94722565276272	4.74959048420434,9.20958809825999
4.8863336013088885,8.780592156470128	4.74959048420434,9.20958809825999
4.890837886815925,9.130809382081804	4.74959048420434,9.20958809825999
4.891910318863224,9.131835760054233	4.74959048420434,9.20958809825999
4.8931308061064085,10.51723624576461	4.74959048420434,9.20958809825999
4.893345501421921,10.202956219727593	4.74959048420434,9.20958809825999
4.894930198074012,10.006221979178106	4.74959048420434,9.20958809825999
4.899728216665521,9.647586350104202	4.74959048420434,9.20958809825999
4.908688599895644,8.746264564236046	4.74959048420434,9.20958809825999
4.915980858904215,9.011906200940391	4.74959048420434,9.20958809825999
4.9214748497303065,9.086024443769922	4.74959048420434,9.20958809825999
4.928380188493571,9.430381794742404	4.74959048420434,9.20958809825999
4.932555825886545,9.695927059192924	4.74959048420434,9.20958809825999
4.93461831019393,9.574556732474525	4.74959048420434,9.20958809825999
4.935846079236903,8.747177590434433	4.74959048420434,9.20958809825999
4.942986606070293,9.044963524065903	4.74959048420434,9.20958809825999
4.943893023390348,9.860809856921563	4.74959048420434,9.20958809825999
4.948086248166711,9.619095360661383	4.74959048420434,9.20958809825999
4.9651652831342705,8.41932227015366	4.74959048420434,9.20958809825999
4.971427569618756,8.926712300561059	4.74959048420434,9.20958809825999
4.972139190078278,8.607952153665298	4.74959048420434,9.20958809825999
4.972194605496266,10.05920157895563	4.74959048420434,9.20958809825999
4.9795790690418915,9.801234668966018	4.74959048420434,9.20958809825999
4.989556944933055,8.601610764393744	4.74959048420434,9.20958809825999
4.99074041525098,9.076647877956677	4.74959048420434,9.20958809825999
4.994081858843557,9.55589671864081	4.74959048420434,9.20958809825999
4.999810160800151,9.072812773821388	4.74959048420434,9.20958809825999
5.006814758082066,9.734307007263704	4.74959048420434,9.20958809825999
5.008691883039909,8.96719054994479	4.74959048420434,9.20958809825999
5.0146530160154565,9.800085065930055	4.74959048420434,9.20958809825999
5.015475586790959,9.636072136495736	4.74959048420434,9.20958809825999
5.019172844812706,9.057094548455774	4.74959048420434,9.20958809825999
5.028214866285097,8.725397768429893	4.74959048420434,9.20958809825999
5.029569564041995,8.856731448586245	4.74959048420434,9.20958809825999
5.029703389402496,9.474556954631	4.74959048420434,9.20958809825999
5.032922244428248,8.894100635608707	4.74959048420434,9.20958809825999
5.036954313430591,9.574936665719104	4.74959048420434,9.20958809825999
5.040606686872822,9.189056018649286	4.74959048420434,9.20958809825999
5.040966023881825,9.984553434430627	4.74959048420434,9.20958809825999
5.044186439992973,9.478377107784004	4.74959048420434,9.20958809825999
5.053464170335619,8.944883066276482	4.74959048420434,9.20958809825999
5.055442382468431,8.650665831490212	4.74959048420434,9.20958809825999
5.063867135489179,8.947262866727232	4.74959048420434,9.20958809825999
5.06470757870084,8.815979413632771	4.74959048420434,9.20958809825999
5.067688435551318,8.194677949375915	4.74959048420434,9.20958809825999
5.080977959237655,9.378085361782416	4.74959048420434,9.20958809825999
5.0895222503334665,9.473570906344115	4.74959048420434,9.20958809825999
5.097310348900683,9.214030874603802	4.74959048420434,9.20958809825999
5.099458199952339,9.771122214255493	4.74959048420434,9.20958809825999
5.100257990701949,10.039623054768956	4.74959048420434,9.20958809825999
5.106707291731526,9.185791901479323	4.74959048420434,9.20958809825999
5.108006389006764,7.998738140410433	4.74959048420434,9.20958809825999
5.11723481568448,8.683456723795715	4.74959048420434,9.20958809825999
5.120082427488267,8.845204446280444	4.74959048420434,9.20958809825999
5.12362693341199,8.758796614524407	4.74959048420434,9.20958809825999
5.125932410347823,9.093444248937772	4.74959048420434,9.20958809825999
5.129988853053742,9.494158880734878	4.74959048420434,9.20958809825999
5.138446619915246,8.828432870337071	4.74959048420434,9.20958809825999
5.139709301835776,9.55356293925347	4.74959048420434,9.20958809825999
5.143706582602794,9.371188251613944	4.74959048420434,9.20958809825999
5.144144757431388,8.711891950177732	4.74959048420434,9.20958809825999
5.149683472783984,8.959429467639984	4.74959048420434,9.20958809825999
5.15402737808309,9.498776653209546	4.74959048420434,9.20958809825999
5.156768260772331,9.750794568884459	4.74959048420434,9.20958809825999
5.158295412016434,8.672748836588612	4.74959048420434,9.20958809825999
5.163246874574836,9.440748158000742	4.74959048420434,9.20958809825999
5.171012511650242,8.188011287361494	4.74959048420434,9.20958809825999
5.191985095358852,8.664070693249371	4.74959048420434,9.20958809825999
5.19720320827785,8.853296707498947	4.74959048420434,9.20958809825999
5.203097445568823,9.575186005538324	4.74959048420434,9.20958809825999
5.21814635699038,8.976648539701612	4.74959048420434,9.20958809825999
5.222598255538861,9.040932848823108	4.74959048420434,9.20958809825999
5.235348540830979,9.439850385740124	4.74959048420434,9.20958809825999
5.235860445422753,10.191046138271926	4.74959048420434,9.20958809825999
5.2375737336766965,9.108913902104389	4.74959048420434,9.20958809825999
5.239023968087382,9.556343526985307	4.74959048420434,9.20958809825999
5.239941187196556,9.07795347232337	4.74959048420434,9.20958809825999
5.242444754551149,8.566991153341787	4.74959048420434,9.20958809825999
5.244882922113793,9.639395086960421	4.74959048420434,9.20958809825999
5.250118713746177,9.395496600570716	4.74959048420434,9.20958809825999
5.251011219127283,9.939021641876217	4.74959048420434,9.20958809825999
5.251374129027364,10.005904848598565	4.74959048420434,9.20958809825999
5.25337780771832,9.78332438175674	4.74959048420434,9.20958809825999
5.257702516946611,8.632821877852521	4.74959048420434,9.20958809825999
5.2603066970891765,8.820156269368779	4.74959048420434,9.20958809825999
5.265233242509426,9.262387509633857	4.74959048420434,9.20958809825999
5.26946634876129,9.426604894725585	4.74959048420434,9.20958809825999
5.279078053695145,8.719634129179164	4.74959048420434,9.20958809825999
5.287980871600674,8.4298175574052	4.74959048420434,9.20958809825999
5.289701792571666,8.589129198386322	4.74959048420434,9.20958809825999
5.305995775535257,9.15358127329632	4.74959048420434,9.20958809825999
5.30749784603564,9.107577423201493	4.74959048420434,9.20958809825999
5.312666789918853,9.06522427227208	4.74959048420434,9.20958809825999
5.318576569408918,9.822303489370794	4.74959048420434,9.20958809825999
5.332318727429133,8.979296708999895	4.74959048420434,9.20958809825999
5.340815572705536,8.321876837502714	4.74959048420434,9.20958809825999
5.341438637325032,8.42740095250589	4.74959048420434,9.20958809825999
5.349004349517572,9.017079939331186	4.74959048420434,9.20958809825999
5.357621756096891,8.871797992004607	4.74959048420434,9.20958809825999
5.361040459882072,9.01499446365435	4.74959048420434,9.20958809825999
5.375455805603424,10.109371916219834	4.74959048420434,9.20958809825999
5.376908749076459,9.457320949382769	4.74959048420434,9.20958809825999
5.388708871580117,9.0055393618285	4.74959048420434,9.20958809825999
5.390355446338704,8.818564134388868	4.74959048420434,9.20958809825999
5.391045112519485,9.914757188842199	4.74959048420434,9.20958809825999
5.400098533160243,8.137657937912861	4.74959048420434,9.20958809825999
5.401990026954179,9.597192026027441	4.74959048420434,9.20958809825999
5.409765618774333,9.386968521782658	4.74959048420434,9.20958809825999
5.4137212562177535,8.861645215522406	4.74959048420434,9.20958809825999
5.432433606020723,10.036159294490176	4.74959048420434,9.20958809825999
5.438756655694409,9.566180374746757	4.74959048420434,9.20958809825999
5.4453419255124755,9.299159459993765	4.74959048420434,9.20958809825999
5.478348715719926,8.349264806267605	4.74959048420434,9.20958809825999
5.492353461169402,9.809753759758724	4.74959048420434,9.20958809825999
5.50020594972014,8.561497611796847	4.74959048420434,9.20958809825999
5.501058846007841,8.875322057750381	4.74959048420434,9.20958809825999
5.503225588410828,8.899368864203424	4.74959048420434,9.20958809825999
5.5510190700450845,9.408159809779553	4.74959048420434,9.20958809825999
5.573591942257202,8.04319788062495	4.74959048420434,9.20958809825999
5.598802615327285,9.77704537527872	4.74959048420434,9.20958809825999
5.625589004021932,9.005734486840739	4.74959048420434,9.20958809825999
5.62925128213887,8.03199560629005	4.74959048420434,9.20958809825999
5.632772667009122,9.606347111594461	4.74959048420434,9.20958809825999
5.6342890512952275,10.351223405719285	4.74959048420434,9.20958809825999
5.643652423829208,9.640192547068917	4.74959048420434,9.20958809825999
5.6839279538938365,8.253173648375322	4.74959048420434,9.20958809825999
5.730551756451396,9.535465748123569	4.74959048420434,9.20958809825999
5.765668040881385,10.057132610613523	4.74959048420434,9.20958809825999
5.783477117391006,9.003728221745678	4.74959048420434,9.20958809825999
5.870212207878268,9.263956550963336	4.74959048420434,9.20958809825999
5.901464481496376,8.645150426918462	4.74959048420434,9.20958809825999
6.002338951761326,7.403607890967832	7.8074211931665225,7.570509729417816
6.1183150942043705,8.999064360599816	4.74959048420434,9.20958809825999
6.279602711912176,7.8969791172432355	7.8074211931665225,7.570509729417816
6.305171653058314,8.499526546870532	4.74959048420434,9.20958809825999
6.325912963830292,6.961631699376294	7.8074211931665225,7.570509729417816
6.596546153976681,7.637097668879107	7.8074211931665225,7.570509729417816
6.61916381240732,8.047758449697097	7.8074211931665225,7.570509729417816
6.682976323318664,7.631791904917708	7.8074211931665225,7.570509729417816
6.733856054502685,7.093153187804516	7.8074211931665225,7.570509729417816
6.803412332935751,7.5518183411827	7.8074211931665225,7.570509729417816
6.818661666017924,7.713015084716049	7.8074211931665225,7.570509729417816
6.8240469034102995,7.911540593617733	7.8074211931665225,7.570509729417816
6.82779051525714,7.954256646708594	7.8074211931665225,7.570509729417816
6.83089223582279,8.141081391719606	7.8074211931665225,7.570509729417816
6.896031320143778,7.464757668737498	7.8074211931665225,7.570509729417816
6.900329569885137,7.993805877346052	7.8074211931665225,7.570509729417816
6.91481592794828,7.652554581212774	7.8074211931665225,7.570509729417816
6.925445182072687,6.9101935431442225	7.8074211931665225,7.570509729417816
6.939828180535167,6.98471598619682	7.8074211931665225,7.570509729417816
6.959615698638449,7.0246550993179016	7.8074211931665225,7.570509729417816
6.990929542792073,7.186801969967935	7.8074211931665225,7.570509729417816
6.9948475245415676,8.02297637608607	7.8074211931665225,7.570509729417816
6.997864714314443,6.617216841161124	7.8074211931665225,7.570509729417816
6.99897977795019,7.743024946543612	7.8074211931665225,7.570509729417816
7.020113655682892,7.105714849387311	7.8074211931665225,7.570509729417816
7.033468085848397,7.361217932797152	7.8074211931665225,7.570509729417816
7.041250725853122,7.709316121464232	7.8074211931665225,7.570509729417816
7.0627015240101585,7.856554268684716	7.8074211931665225,7.570509729417816
7.123488923184385,8.057434748116577	7.8074211931665225,7.570509729417816
7.13166634907803,7.386437589836858	7.8074211931665225,7.570509729417816
7.1360007539223345,7.4547417721861455	7.8074211931665225,7.570509729417816
7.146268664516869,7.793814189114197	7.8074211931665225,7.570509729417816
7.148812351607402,8.111524255252574	7.8074211931665225,7.570509729417816
7.165344359579082,7.460257790394883	7.8074211931665225,7.570509729417816
7.167096710205637,8.063986785888089	7.8074211931665225,7.570509729417816
7.16709939403768,6.920000150520919	7.8074211931665225,7.570509729417816
7.168497341039082,7.794344779994083	7.8074211931665225,7.570509729417816
7.171414485498329,8.13445632912271	7.8074211931665225,7.570509729417816
7.173876566716854,7.689229429047104	7.8074211931665225,7.570509729417816
7.191103420102674,7.877817157248763	7.8074211931665225,7.570509729417816
7.2023456682997,7.9781445592216045	7.8074211931665225,7.570509729417816
7.209854886247969,7.2847543363865315	7.8074211931665225,7.570509729417816
7.220036136373518,8.367467623282813	7.8074211931665225,7.570509729417816
7.2365852060417435,6.630376090098813	7.8074211931665225,7.570509729417816
7.245967605472475,7.338723605103519	7.8074211931665225,7.570509729417816
7.247796030756363,8.036823232398195	7.8074211931665225,7.570509729417816
7.256069390271553,7.547149180776112	7.8074211931665225,7.570509729417816
7.264365187120514,6.802460152831075	7.8074211931665225,7.570509729417816
7.276650657472324,8.00200809447158	7.8074211931665225,7.570509729417816
7.281325003972877,7.606248424134855	7.8074211931665225,7.570509729417816
7.2924353133927085,8.02139015179332	7.8074211931665225,7.570509729417816
7.29337292326561,7.618057473020202	7.8074211931665225,7.570509729417816
7.304396570973796,7.848014987200962	7.8074211931665225,7.570509729417816
7.309816113090811,7.6356082765438975	7.8074211931665225,7.570509729417816
7.310763656185003,7.737081502833116	7.8074211931665225,7.570509729417816
7.3181533960823595,7.507862562235591	7.8074211931665225,7.570509729417816
7.3259037949900065,7.510527199046022	7.8074211931665225,7.570509729417816
7.325946775090143,8.601130676256746	7.8074211931665225,7.570509729417816
7.333661297122004,8.369106713035361	7.8074211931665225,7.570509729417816
7.34295336726765,6.481749907331171	7.8074211931665225,7.570509729417816
7.349052518283379,7.778858441339401	7.8074211931665225,7.570509729417816
7.357663314233554,7.270664677280978	7.8074211931665225,7.570509729417816
7.3651801121617675,7.01253680274919	7.8074211931665225,7.570509729417816
7.367880367439151,7.11539688277184	7.8074211931665225,7.570509729417816
7.368647793021872,7.367079027199903	7.8074211931665225,7.570509729417816
7.379179080251469,8.545953958851902	7.8074211931665225,7.570509729417816
7.380306213716023,7.675727652664933	7.8074211931665225,7.570509729417816
7.384631548765182,7.14448589236486	7.8074211931665225,7.570509729417816
7.395840811775776,8.176795661933284	7.8074211931665225,7.570509729417816
7.400644163342412,8.22854860039531	7.8074211931665225,7.570509729417816
7.404497896907826,7.138962168118416	7.8074211931665225,7.570509729417816
7.4052923002433815,7.192201569503649	7.8074211931665225,7.570509729417816
7.405379859346955,6.9631005599740945	7.8074211931665225,7.570509729417816
7.415054066153706,7.769709502186588	7.8074211931665225,7.570509729417816
7.41765860705961,7.157359591076001	7.8074211931665225,7.570509729417816
7.418727421879689,8.302967497644588	7.8074211931665225,7.570509729417816
7.422253525071561,7.689972517512223	7.8074211931665225,7.570509729417816
7.431288767658621,8.33434019224069	7.8074211931665225,7.570509729417816
7.450750171856593,7.093066249155649	7.8074211931665225,7.570509729417816
7.45861927981038,7.37105241713831	7.8074211931665225,7.570509729417816
7.459174443737661,7.82679373191135	7.8074211931665225,7.570509729417816
7.470784141820938,7.137621204758802	7.8074211931665225,7.570509729417816
7.4724072447997205,8.480888141827634	7.8074211931665225,7.570509729417816
7.481736008871282,7.22962999356588	7.8074211931665225,7.570509729417816
7.486181836579384,8.17303165220008	7.8074211931665225,7.570509729417816
7.490048768564151,7.0552752228291356	7.8074211931665225,7.570509729417816
7.492688212059942,7.986638422953557	7.8074211931665225,7.570509729417816
7.492692650348414,7.13894131892561	7.8074211931665225,7.570509729417816
7.498717784365621,6.98985070583954	7.8074211931665225,7.570509729417816
7.504490907376364,8.084602759426051	7.8074211931665225,7.570509729417816
7.522391466584227,8.207495810336463	7.8074211931665225,7.570509729417816
7.523180310969573,6.782578634592212	7.8074211931665225,7.570509729417816
7.523934315190981,7.542254824078158	7.8074211931665225,7.570509729417816
7.524006269673422,7.085352814502432	7.8074211931665225,7.570509729417816
7.528269694520428,7.863786304302006	7.8074211931665225,7.570509729417816
7.530239052626124,7.710545641990154	7.8074211931665225,7.570509729417816
7.53058897571827,7.2950341829331915	7.8074211931665225,7.570509729417816
7.531960485496223,7.92248664690148	7.8074211931665225,7.570509729417816
7.535713236562664,7.864830788483102	7.8074211931665225,7.570509729417816
7.541329618022554,7.599710816088725	7.8074211931665225,7.570509729417816
7.5528928632373455,7.579164785498581	7.8074211931665225,7.570509729417816
7.554455506500161,7.861574095609644	7.8074211931665225,7.570509729417816
7.555794634090695,7.220442168548289	7.8074211931665225,7.570509729417816
7.556555920319539,7.67329642579614	7.8074211931665225,7.570509729417816
7.56069337458203,7.4350447078081565	7.8074211931665225,7.570509729417816
7.5649632411878,6.8489059205044756	7.8074211931665225,7.570509729417816
7.565189107652656,7.710901111774384	7.8074211931665225,7.570509729417816
7.5678764120287125,6.898645650463596	7.8074211931665225,7.570509729417816
7.572465010645184,7.164132101460037	7.8074211931665225,7.570509729417816
7.575188481847191,6.604274492790985	7.8074211931665225,7.570509729417816
7.575979499661283,7.084424292823709	7.8074211931665225,7.570509729417816
7.576367063781045,6.984173707101899	7.8074211931665225,7.570509729417816
7.580921922606868,7.08231896693777	7.8074211931665225,7.570509729417816
7.584650453082911,7.551244880722488	7.8074211931665225,7.570509729417816
7.585111909801,7.672500704513633	7.8074211931665225,7.570509729417816
7.585336747067738,8.635247306366097	7.8074211931665225,7.570509729417816
7.587867051376234,7.320414518252096	7.8074211931665225,7.570509729417816
7.588728603410541,8.134155166896566	7.8074211931665225,7.570509729417816
7.594645659652882,7.628744045881989	7.8074211931665225,7.570509729417816
7.595305393507519,8.22378966723693	7.8074211931665225,7.570509729417816
7.598770983083215,7.563271837577536	7.8074211931665225,7.570509729417816
7.6043323439328665,8.215146457429988	7.8074211931665225,7.570509729417816
7.60487168081454,8.091582860774036	7.8074211931665225,7.570509729417816
7.606484751168219,7.254075778555858	7.8074211931665225,7.570509729417816
7.61015727667345,7.528641649128654	7.8074211931665225,7.570509729417816
7.616364969698769,7.400348918270255	7.8074211931665225,7.570509729417816
7.621304567029111,7.755890653509874	7.8074211931665225,7.570509729417816
7.628479570485287,8.287735495806304	7.8074211931665225,7.570509729417816
7.630029049772494,7.182966731117432	7.8074211931665225,7.570509729417816
7.630774334877373,7.051065086672473	7.8074211931665225,7.570509729417816
7.637737401839572,7.3455983351895915	7.8074211931665225,7.570509729417816
7.644907085623324,8.119691269699956	7.8074211931665225,7.570509729417816
7.645746849108002,8.507207043902675	7.8074211931665225,7.570509729417816
7.6483727158139585,7.010893596085847	7.8074211931665225,7.570509729417816
7.648997833400539,7.959774503229238	7.8074211931665225,7.570509729417816
7.652506856945191,7.707675333393833	7.8074211931665225,7.570509729417816
7.654176670996198,6.6263632288998595	7.8074211931665225,7.570509729417816
7.668451443178448,7.653735183974421	7.8074211931665225,7.570509729417816
7.668611997660307,7.561389975363324	7.8074211931665225,7.570509729417816
7.67735050395996,6.732724101836638	7.8074211931665225,7.570509729417816
7.6788785067535335,6.9112381650294985	7.8074211931665225,7.570509729417816
7.680111677515511,7.810107839988735	7.8074211931665225,7.570509729417816
7.6839552683084,7.268071616083353	7.8074211931665225,7.570509729417816
7.684067198388912,7.912257131734289	7.8074211931665225,7.570509729417816
7.684305352382176,7.45745718339433	7.8074211931665225,7.570509729417816
7.686016775909709,8.004320719088723	7.8074211931665225,7.570509729417816
7.692685229926583,7.217100714466787	7.8074211931665225,7.570509729417816
7.698203294044584,7.666407347230574	7.8074211931665225,7.570509729417816
7.702203073926969,7.959333888948446	7.8074211931665225,7.570509729417816
7.714102414690747,7.836779187718571	7.8074211931665225,7.570509729417816
7.717322050638136,7.489692081556013	7.8074211931665225,7.570509729417816
7.729941552810113,6.841833903579132	7.8074211931665225,7.570509729417816
7.730177402991493,7.809865738889727	7.8074211931665225,7.570509729417816
7.7307556562461,7.449127447665046	7.8074211931665225,7.570509729417816
7.7449678284488135,7.530332592370564	7.8074211931665225,7.570509729417816
7.7493089104573185,8.055262860318534	7.8074211931665225,7.570509729417816
7.756472274232082,7.18868272904373	7.8074211931665225,7.570509729417816
7.76562768014535,7.750228219983692	7.8074211931665225,7.570509729417816
7.768743241255817,7.083823651879354	7.8074211931665225,7.570509729417816
7.769034814230212,6.389202075213038	7.8074211931665225,7.570509729417816
7.7744896528368574,7.506983758553881	7.8074211931665225,7.570509729417816
7.776825579819713,7.675316027770474	7.8074211931665225,7.570509729417816
7.78404076898341,7.243900151357623	7.8074211931665225,7.570509729417816
7.784798667147547,6.912059372516753	7.8074211931665225,7.570509729417816
7.789583693638671,7.469013882337742	7.8074211931665225,7.570509729417816
7.802972777414962,8.219168283868898	7.8074211931665225,7.570509729417816
7.80971218256645,8.284503998779545	7.8074211931665225,7.570509729417816
7.813373695739898,6.6204103415341065	7.8074211931665225,7.570509729417816
7.817852101468336,8.001391293601998	7.8074211931665225,7.570509729417816
7.820584553520546,7.65177038552175	7.8074211931665225,7.570509729417816
7.82926753152149,7.11842940992637	7.8074211931665225,7.570509729417816
7.830313933422291,7.463740696787308	7.8074211931665225,7.570509729417816
7.8307691254897165,7.366139922728604	7.8074211931665225,7.570509729417816
7.833767054820544,7.11890268403914	7.8074211931665225,7.570509729417816
7.8359005895621685,7.7028489917685805	7.8074211931665225,7.570509729417816
7.840106355737999,6.716213418666153	7.8074211931665225,7.570509729417816
7.844349775722402,7.664461771362164	7.8074211931665225,7.570509729417816
7.847303095353626,7.492871998637725	7.8074211931665225,7.570509729417816
7.848865017912345,6.941268736525658	7.8074211931665225,7.570509729417816
7.849956430943438,8.22581102841606	7.8074211931665225,7.570509729417816
7.856509559720638,7.551226297346369	7.8074211931665225,7.570509729417816
7.857893259893678,7.341021755026785	7.8074211931665225,7.570509729417816
7.858619531663351,8.13774719959207	7.8074211931665225,7.570509729417816
7.8588534946581685,7.640812747493915	7.8074211931665225,7.570509729417816
7.859894574491344,7.606642233282508	7.8074211931665225,7.570509729417816
7.8599601413516424,7.911272661818887	7.8074211931665225,7.570509729417816
7.863182546379826,7.717458690064046	7.8074211931665225,7.570509729417816
7.865700422069672,6.7163607101554605	7.8074211931665225,7.570509729417816
7.867216197394417,8.30176434188292	7.8074211931665225,7.570509729417816
7.877467182067997,7.285158546530489	7.8074211931665225,7.570509729417816
7.879033726824815,7.84583216216774	7.8074211931665225,7.570509729417816
7.883106182358735,7.307764743437679	7.8074211931665225,7.570509729417816
7.883379046455577,7.643624144126631	7.8074211931665225,7.570509729417816
7.88546199828795,7.884066746093641	7.8074211931665225,7.570509729417816
7.890178709596397,7.616199631997197	7.8074211931665225,7.570509729417816
7.894766657149669,7.495732609702112	7.8074211931665225,7.570509729417816
7.894989844592285,7.430224891714168	7.8074211931665225,7.570509729417816
7.896531215861705,8.424947641448222	7.8074211931665225,7.570509729417816
7.90190619239126,7.2207731848048455	7.8074211931665225,7.570509729417816
7.9044454805953945,7.964802955522618	7.8074211931665225,7.570509729417816
7.923578634261846,7.137218188786463	7.8074211931665225,7.570509729417816
7.924799860431385,8.162065359730097	7.8074211931665225,7.570509729417816
7.926130389029692,7.08653106633591	7.8074211931665225,7.570509729417816
7.927444499615118,7.140067264408116	7.8074211931665225,7.570509729417816
7.92832116353861,7.594852752564094	7.8074211931665225,7.570509729417816
7.929846367645708,7.979283962742622	7.8074211931665225,7.570509729417816
7.938501974187783,8.531334243843771	7.8074211931665225,7.570509729417816
7.938636898790657,7.804716571027713	7.8074211931665225,7.570509729417816
7.940646068755839,7.675128585656988	7.8074211931665225,7.570509729417816
7.941476373869453,7.546531389591518	7.8074211931665225,7.570509729417816
7.942893696781156,8.062426748879918	7.8074211931665225,7.570509729417816
7.944258751012916,7.6805672633183795	7.8074211931665225,7.570509729417816
7.944624447082756,7.9354671242720505	7.8074211931665225,7.570509729417816
7.947330740699694,7.7915252704529845	7.8074211931665225,7.570509729417816
7.948642284181243,7.82259401244451	7.8074211931665225,7.570509729417816
7.950708170780634,6.750911014208862	7.8074211931665225,7.570509729417816
7.952353953536758,7.57467387511756	7.8074211931665225,7.570509729417816
7.954896140263378,7.775884392462734	7.8074211931665225,7.570509729417816
7.956866631125393,6.563045720517571	7.8074211931665225,7.570509729417816
7.958915080690491,7.801389815475812	7.8074211931665225,7.570509729417816
7.95910402295148,7.523488813143399	7.8074211931665225,7.570509729417816
7.960746287511483,7.812062776961726	7.8074211931665225,7.570509729417816
7.964802345273282,7.7489790630688535	7.8074211931665225,7.570509729417816
7.965799161524653,7.397505696175212	7.8074211931665225,7.570509729417816
7.976532197702358,7.316437499767375	7.8074211931665225,7.570509729417816
7.980807194903372,7.478978946202916	7.8074211931665225,7.570509729417816
7.995222976305107,6.7510534746721875	7.8074211931665225,7.570509729417816
7.995472054949978,7.767171148123283	7.8074211931665225,7.570509729417816
8.003866526201609,7.200998443523644	7.8074211931665225,7.570509729417816
8.006224537177388,6.7786722765283125	7.8074211931665225,7.570509729417816
8.006265633941423,7.753881211833258	7.8074211931665225,7.570509729417816
8.019319870497199,7.045770071942804	7.8074211931665225,7.570509729417816
8.034986155849323,8.12173699049	7.8074211931665225,7.570509729417816
8.036034007855381,7.750340921072249	7.8074211931665225,7.570509729417816
8.039571256707648,6.981828807112627	7.8074211931665225,7.570509729417816
8.04032425545995,7.421349204945811	7.8074211931665225,7.570509729417816
8.042585342114874,7.779129487568809	7.8074211931665225,7.570509729417816
8.0568402855307,7.9473521738954975	7.8074211931665225,7.570509729417816
8.061812438212652,7.3017783034279375	7.8074211931665225,7.570509729417816
8.064321965384954,7.50098709921402	7.8074211931665225,7.570509729417816
8.06588972130031,7.434427132204213	7.8074211931665225,7.570509729417816
8.069062757550595,7.491259352411264	7.8074211931665225,7.570509729417816
8.074773116248624,7.729225546125823	7.8074211931665225,7.570509729417816
8.088081419239028,7.430566329327094	7.8074211931665225,7.570509729417816
8.095960666740474,6.548948931009895	7.8074211931665225,7.570509729417816
8.097781609701707,6.8139792514824595	7.8074211931665225,7.570509729417816
8.108047146492169,7.701601506933771	7.8074211931665225,7.570509729417816
8.111533079937686,9.060456616598332	7.8074211931665225,7.570509729417816
8.114445648578636,8.653662367090835	7.8074211931665225,7.570509729417816
8.131531100744946,6.419030209549203	7.8074211931665225,7.570509729417816
8.131771429002438,7.163168915616527	7.8074211931665225,7.570509729417816
8.136136333943655,7.100174733187311	7.8074211931665225,7.570509729417816
8.14514684363746,7.172278826635774	7.8074211931665225,7.570509729417816
8.154930590534683,7.067493162719213	7.8074211931665225,7.570509729417816
8.16330830203045,7.045922738723938	7.8074211931665225,7.570509729417816
8.172034333684294,6.965725699083063	7.8074211931665225,7.570509729417816
8.179953399494694,7.298115461876746	7.8074211931665225,7.570509729417816
8.195662825421595,8.357455314153476	7.8074211931665225,7.570509729417816
8.198262659039584,7.151601927509886	7.8074211931665225,7.570509729417816
8.201568246927529,7.374577019814862	7.8074211931665225,7.570509729417816
8.207576182886456,7.489310382940292	7.8074211931665225,7.570509729417816
8.21845732656286,7.656044094556833	7.8074211931665225,7.570509729417816
8.218875034320298,7.097448967146868	7.8074211931665225,7.570509729417816
8.221009820269208,8.354163037297987	7.8074211931665225,7.570509729417816
8.236145316137327,7.562821355232632	7.8074211931665225,7.570509729417816
8.238026968805995,7.849980271758816	7.8074211931665225,7.570509729417816
8.243108399172364,7.193767694462442	7.8074211931665225,7.570509729417816
8.249424988274535,7.89195147988744	7.8074211931665225,7.570509729417816
8.256387082454221,7.069404010193373	7.8074211931665225,7.570509729417816
8.264478415626417,7.195823193038928	7.8074211931665225,7.570509729417816
8.265296527374044,8.079449165931893	7.8074211931665225,7.570509729417816
8.265990561834965,8.683339442580046	7.8074211931665225,7.570509729417816
8.272452866416952,7.628098096148202	7.8074211931665225,7.570509729417816
8.275003431055092,7.640854502801485	7.8074211931665225,7.570509729417816
8.275144281299374,7.401203924509161	7.8074211931665225,7.570509729417816
8.276816740041657,7.786672429120374	7.8074211931665225,7.570509729417816
8.278802130407644,8.45933957665872	7.8074211931665225,7.570509729417816
8.280682832281514,9.00284538930263	7.8074211931665225,7.570509729417816
8.30079733930149,7.685869597303903	7.8074211931665225,7.570509729417816
8.311990938853683,8.335248279788075	7.8074211931665225,7.570509729417816
8.315102055616952,8.062438087454115	7.8074211931665225,7.570509729417816
8.318384255543805,7.0261946848381704	7.8074211931665225,7.570509729417816
8.338289769977557,7.289130776550716	7.8074211931665225,7.570509729417816
8.341782894365961,7.945962518881569	7.8074211931665225,7.570509729417816
8.357463749083442,8.79413946848119	7.8074211931665225,7.570509729417816
8.357644365936332,8.36336381783807	7.8074211931665225,7.570509729417816
8.368163881573754,8.47848727720507	7.8074211931665225,7.570509729417816
8.376031729477067,8.056725720390649	7.8074211931665225,7.570509729417816
8.387453090458635,7.337554464873022	7.8074211931665225,7.570509729417816
8.40843775673997,7.923728869070781	7.8074211931665225,7.570509729417816
8.410859722454726,9.041336490539711	7.8074211931665225,7.570509729417816
8.41863354879091,7.470153642457371	7.8074211931665225,7.570509729417816
8.42987622484477,6.73051696486023	7.8074211931665225,7.570509729417816
8.432462519190329,7.900253952016317	7.8074211931665225,7.570509729417816
8.448764172584122,7.116619440193349	7.8074211931665225,7.570509729417816
8.452563398383633,7.736954087944097	7.8074211931665225,7.570509729417816
8.468931662092256,7.29849674681071	7.8074211931665225,7.570509729417816
8.485812944584051,8.143854625089892	7.8074211931665225,7.570509729417816
8.486473327261331,7.114546934730962	7.8074211931665225,7.570509729417816
8.502815350824418,7.724679611824663	7.8074211931665225,7.570509729417816
8.524210590216418,6.680764408220015	7.8074211931665225,7.570509729417816
8.549538726588368,7.686255221572894	7.8074211931665225,7.570509729417816
8.553471732572474,7.970033132588418	7.8074211931665225,7.570509729417816
8.554005918106395,7.850013917168745	7.8074211931665225,7.570509729417816
8.556317785150812,7.865706847874319	7.8074211931665225,7.570509729417816
8.559824560296851,8.090035290600408	7.8074211931665225,7.570509729417816
8.571591316811773,7.618668960926896	7.8074211931665225,7.570509729417816
8.589110223674853,7.952336236562075	7.8074211931665225,7.570509729417816
8.59061225337679,8.018763963202733	7.8074211931665225,7.570509729417816
8.59202696105171,6.1838166505781444	7.8074211931665225,7.570509729417816
8.623645705354274,7.939064326176166	7.8074211931665225,7.570509729417816
8.64027895928315,7.443265192718072	7.8074211931665225,7.570509729417816
8.653640023703295,7.351370922048252	7.8074211931665225,7.570509729417816
8.657353397982332,6.973745237992972	7.8074211931665225,7.570509729417816
8.661751731286628,7.663707636098538	7.8074211931665225,7.570509729417816
8.695155435838736,8.137391053191212	7.8074211931665225,7.570509729417816
8.704843571779419,8.451078666137095	7.8074211931665225,7.570509729417816
8.713250176473162,7.00872303690711	7.8074211931665225,7.570509729417816
8.713289323739692,7.0207563937927	7.8074211931665225,7.570509729417816
8.718370918807619,6.717322722802422	7.8074211931665225,7.570509729417816
8.734803624962389,7.293876176644135	7.8074211931665225,7.570509729417816
8.750106500129682,7.777083321125721	7.8074211931665225,7.570509729417816
8.78370177605705,7.954227024216875	7.8074211931665225,7.570509729417816
8.786700057953073,7.631576227524805	7.8074211931665225,7.570509729417816
8.807620410834907,7.7705596986480305	7.8074211931665225,7.570509729417816
8.821497010938971,6.846377719945577	7.8074211931665225,7.570509729417816
8.847441579490114,7.330001088947515	7.8074211931665225,7.570509729417816
8.849250178419563,7.072365299734044	7.8074211931665225,7.570509729417816
8.852571349862107,7.787954836037778	7.8074211931665225,7.570509729417816
8.85444843272732,7.831318381190104	7.8074211931665225,7.570509729417816
8.973333821045113,7.530246035681645	7.8074211931665225,7.570509729417816
9.065468905791612,7.581638695016124	7.8074211931665225,7.570509729417816
9.069987926484021,6.251929209097141	7.8074211931665225,7.570509729417816
9.113220942366251,7.444090109225313	7.8074211931665225,7.570509729417816
9.129209929506768,7.3684799650206445	7.8074211931665225,7.570509729417816
